WEEK 7 - STEP 7.4B.0 TRACE-DISTANCE SPIKE DIAGNOSTIC
========================================================================

Number of CONT time steps: 1460
Maximum trace distance: 0.498891 at t=0
Median trace distance: 1.552095e-16

D > 0.001: 42 time steps | first t=0 | last t=44 | indices=[0, 1, 2, 3, 4, 5, 6, 7, 8, 9, 10, 11, 12, 13, 14, 15, 16, 17, 18, 19, 20, 21, 22, 23, 24, 25, 26, 27, 28, 29, 30, 31, 32, 33, 34, 35, 36, 37, 38, 39, 41, 44]
D > 0.010: 22 time steps | first t=0 | last t=23 | indices=[0, 1, 2, 3, 4, 5, 6, 7, 8, 9, 10, 11, 12, 13, 14, 15, 16, 18, 19, 20, 21, 23]
D > 0.050: 9 time steps | first t=0 | last t=10 | indices=[0, 1, 2, 3, 4, 5, 6, 8, 10]
D > 0.100: 5 time steps | first t=0 | last t=5 | indices=[0, 1, 3, 4, 5]
D > 0.250: 3 time steps | first t=0 | last t=4 | indices=[0, 1, 4]

Top 20 spikes:
 t  trace_distance_pre_vs_post  purity_pre  purity_post_nonselective  ideal_yx   p_plus  p_minus
 0                    0.498891    0.999447                  0.501939  0.066578 0.533289 0.466711
 1                    0.319288    0.500941                  0.398340  0.042200 0.521100 0.478900
 4                    0.264330    0.376570                  0.306657  0.010747 0.505373 0.494627
 5                    0.167187    0.306430                  0.278461  0.006812 0.503406 0.496594
 3                    0.115647    0.390601                  0.377121  0.016955 0.508477 0.491523
 6                    0.088141    0.278355                  0.270579  0.004318 0.502159 0.497841
 2                    0.080692    0.397809                  0.391034  0.026749 0.513374 0.486626
10                    0.077532    0.264705                  0.258694  0.000697 0.500348 0.499652
 8                    0.056209    0.269530                  0.266369  0.001735 0.500867 0.499133
11                    0.046306    0.258667                  0.256523  0.000442 0.500221 0.499779
13                    0.040290    0.256126                  0.254503  0.000177 0.500089 0.499911
 9                    0.039545    0.266317                  0.264753  0.001100 0.500550 0.499450
15                    0.037137    0.254184                  0.252805  0.000071 0.500036 0.499964
 7                    0.030385    0.270515                  0.269589  0.002737 0.501368 0.498632
16                    0.027651    0.252797                  0.252032  0.000045 0.500023 0.499977
18                    0.024564    0.251940                  0.251337  0.000018 0.500009 0.499991
12                    0.019088    0.256506                  0.256142  0.000280 0.500140 0.499860
20                    0.017623    0.251217                  0.250906  0.000007 0.500004 0.499996
14                    0.017161    0.254490                  0.254196  0.000113 0.500056 0.499944
21                    0.016722    0.250904                  0.250624  0.000005 0.500002 0.499998