WEEK 7 - STEP 7.3B
INPUT-STRENGTH alpha x FINITE-SHOT INTERACTION STUDY

ALPHAS = [0.005, 0.01, 0.02, 0.05, 0.1, 0.5, 1.0]
SHOT_BUDGETS = [128, 512, 2048, 8192]
N_SHOT_REPEATS = 20

EXACT CV LANDSCAPE BY alpha
 encoding_alpha               family  mean_exact_cv_rmse  std_exact_cv_rmse  mean_exact_validation_rmse
          0.005         XZ_injection            3.605530           0.020973                    5.193019
          0.005      XZinj_plus_YX45            3.608287           0.023157                    5.193532
          0.005      XZinj_plus_XZ45            3.611676           0.022425                    5.213818
          0.005 XZinj_plus_YX45_XZ45            3.615921           0.025183                    5.236993
          0.005               XZ_all            3.632719           0.037347                    5.194618
          0.010         XZ_injection            3.608420           0.020695                    5.180693
          0.010      XZinj_plus_YX45            3.611294           0.022754                    5.182129
          0.010      XZinj_plus_XZ45            3.613971           0.021815                    5.195760
          0.010 XZinj_plus_YX45_XZ45            3.617846           0.023848                    5.215506
          0.010               XZ_all            3.632581           0.037128                    5.250028
          0.020         XZ_injection            3.606614           0.021085                    5.191192
          0.020      XZinj_plus_YX45            3.609347           0.023054                    5.201028
          0.020      XZinj_plus_XZ45            3.611097           0.022745                    5.208784
          0.020 XZinj_plus_YX45_XZ45            3.613743           0.024707                    5.245822
          0.020               XZ_all            3.626665           0.035599                    5.253933
          0.050         XZ_injection            3.604412           0.023550                    5.259897
          0.050      XZinj_plus_YX45            3.606422           0.024690                    5.269946
          0.050      XZinj_plus_XZ45            3.607539           0.025286                    5.272519
          0.050 XZinj_plus_YX45_XZ45            3.608894           0.026849                    5.286028
          0.050               XZ_all            3.617966           0.036517                    5.286169
          0.100         XZ_injection            3.607744           0.021812                    5.253742
          0.100      XZinj_plus_YX45            3.609455           0.022699                    5.259207
          0.100      XZinj_plus_XZ45            3.610582           0.023594                    5.258278
          0.100 XZinj_plus_YX45_XZ45            3.611804           0.024914                    5.259865
          0.100               XZ_all            3.619862           0.035178                    5.255258
          0.500         XZ_injection            3.628404           0.023596                    5.193919
          0.500      XZinj_plus_YX45            3.630261           0.024350                    5.195351
          0.500      XZinj_plus_XZ45            3.630797           0.023713                    5.193458
          0.500 XZinj_plus_YX45_XZ45            3.632161           0.024939                    5.194958
          0.500               XZ_all            3.638684           0.033097                    5.193347
          1.000         XZ_injection            3.653056           0.027000                    5.230851
          1.000      XZinj_plus_YX45            3.654644           0.027827                    5.232154
          1.000      XZinj_plus_XZ45            3.655365           0.027182                    5.230180
          1.000 XZinj_plus_YX45_XZ45            3.656623           0.028397                    5.231953
          1.000               XZ_all            3.662946           0.036731                    5.232170

XZ_injection RELATIVE CV DEGRADATION (%)
shots               128       512       2048      8192
encoding_alpha                                        
0.005           4.504318  4.037577  3.862085  3.811279
0.010           4.399807  3.929980  3.800422  3.678687
0.020           4.454694  3.966088  3.768193  3.550935
0.050           4.328069  3.743576  3.261199  2.596823
0.100           4.141691  3.334101  2.352219  1.259637
0.500           2.314517  0.663853  0.015174 -0.035866
1.000           0.703420 -0.152241 -0.133924 -0.067084

XZ_injection MEDIAN FEATURE SSNR
shots               128       512       2048       8192
encoding_alpha                                         
0.005           0.771322  1.542644  3.085288   6.170576
0.010           0.771315  1.542630  3.085260   6.170520
0.020           0.771299  1.542599  3.085198   6.170395
0.050           0.771240  1.542479  3.084959   6.169918
0.100           0.771098  1.542196  3.084392   6.168784
0.500           1.365197  2.730393  5.460787  10.921573
1.000           2.307140  4.614281  9.228561  18.457122

GLOBAL alpha x SHOT SUMMARY
 encoding_alpha               family  shots  mean_exact_cv_rmse  mean_noisy_cv_rmse  mean_delta_cv_rmse  mean_relative_cv_degradation_pct  mean_mc_std_cv_rmse
          0.005               XZ_all    128            3.632719            3.784676            0.151958                          4.187570             0.021060
          0.010               XZ_all    128            3.632581            3.782546            0.149965                          4.133472             0.020592
          0.020               XZ_all    128            3.626665            3.780234            0.153569                          4.238045             0.019670
          0.050               XZ_all    128            3.617966            3.772520            0.154555                          4.274218             0.017768
          0.100               XZ_all    128            3.619862            3.767058            0.147196                          4.067768             0.019253
          0.500               XZ_all    128            3.638684            3.721162            0.082478                          2.265219             0.025077
          1.000               XZ_all    128            3.662946            3.687529            0.024583                          0.671318             0.022140
          0.005         XZ_injection    128            3.605530            3.767918            0.162388                          4.504318             0.017425
          0.010         XZ_injection    128            3.608420            3.767175            0.158755                          4.399807             0.017564
          0.020         XZ_injection    128            3.606614            3.767255            0.160641                          4.454694             0.017952
          0.050         XZ_injection    128            3.604412            3.760363            0.155951                          4.328069             0.016097
          0.100         XZ_injection    128            3.607744            3.757154            0.149411                          4.141691             0.016953
          0.500         XZ_injection    128            3.628404            3.712408            0.084005                          2.314517             0.024219
          1.000         XZ_injection    128            3.653056            3.678756            0.025700                          0.703420             0.022409
          0.005      XZinj_plus_XZ45    128            3.611676            3.770261            0.158585                          4.392216             0.017835
          0.010      XZinj_plus_XZ45    128            3.613971            3.771223            0.157251                          4.351928             0.017432
          0.020      XZinj_plus_XZ45    128            3.611097            3.769969            0.158872                          4.400561             0.017769
          0.050      XZinj_plus_XZ45    128            3.607539            3.764389            0.156850                          4.349343             0.015861
          0.100      XZinj_plus_XZ45    128            3.610582            3.760799            0.150217                          4.160920             0.016881
          0.500      XZinj_plus_XZ45    128            3.630797            3.715346            0.084550                          2.327623             0.023670
          1.000      XZinj_plus_XZ45    128            3.655365            3.680556            0.025191                          0.688895             0.023521
          0.005      XZinj_plus_YX45    128            3.608287            3.769978            0.161691                          4.481995             0.018555
          0.010      XZinj_plus_YX45    128            3.611294            3.769580            0.158286                          4.384081             0.018466
          0.020      XZinj_plus_YX45    128            3.609347            3.769095            0.159748                          4.427134             0.017991
          0.050      XZinj_plus_YX45    128            3.606422            3.762179            0.155756                          4.320233             0.016416
          0.100      XZinj_plus_YX45    128            3.609455            3.757763            0.148308                          4.109334             0.017034
          0.500      XZinj_plus_YX45    128            3.630261            3.712499            0.082238                          2.264640             0.024722
          1.000      XZinj_plus_YX45    128            3.654644            3.680458            0.025814                          0.705521             0.022335
          0.005 XZinj_plus_YX45_XZ45    128            3.615921            3.773583            0.157662                          4.362451             0.018448
          0.010 XZinj_plus_YX45_XZ45    128            3.617846            3.772704            0.154859                          4.281998             0.018154
          0.020 XZinj_plus_YX45_XZ45    128            3.613743            3.771125            0.157383                          4.356871             0.018427
          0.050 XZinj_plus_YX45_XZ45    128            3.608894            3.765581            0.156687                          4.343533             0.016955
          0.100 XZinj_plus_YX45_XZ45    128            3.611804            3.761818            0.150015                          4.154269             0.017384
          0.500 XZinj_plus_YX45_XZ45    128            3.632161            3.714078            0.081917                          2.254675             0.024440
          1.000 XZinj_plus_YX45_XZ45    128            3.656623            3.682639            0.026017                          0.711230             0.022731
          0.005               XZ_all    512            3.632719            3.770936            0.138218                          3.809607             0.016679
          0.010               XZ_all    512            3.632581            3.767127            0.134547                          3.708963             0.017644
          0.020               XZ_all    512            3.626665            3.763251            0.136585                          3.770273             0.016933
          0.050               XZ_all    512            3.617966            3.751387            0.133421                          3.690126             0.016077
          0.100               XZ_all    512            3.619862            3.739530            0.119668                          3.307260             0.017435
          0.500               XZ_all    512            3.638684            3.664182            0.025498                          0.700893             0.021366
          1.000               XZ_all    512            3.662946            3.661144           -0.001803                         -0.047655             0.016932
          0.005         XZ_injection    512            3.605530            3.751078            0.145548                          4.037577             0.014446
          0.010         XZ_injection    512            3.608420            3.750199            0.141779                          3.929980             0.014188
          0.020         XZ_injection    512            3.606614            3.749615            0.143001                          3.966088             0.014593
          0.050         XZ_injection    512            3.604412            3.739294            0.134882                          3.743576             0.013997
          0.100         XZ_injection    512            3.607744            3.728011            0.120267                          3.334101             0.016126
          0.500         XZ_injection    512            3.628404            3.652491            0.024088                          0.663853             0.019557
          1.000         XZ_injection    512            3.653056            3.647452           -0.005604                         -0.152241             0.016633
          0.005      XZinj_plus_XZ45    512            3.611676            3.754018            0.142342                          3.942909             0.014981
          0.010      XZinj_plus_XZ45    512            3.613971            3.755120            0.141149                          3.906778             0.014333
          0.020      XZinj_plus_XZ45    512            3.611097            3.752891            0.141795                          3.927911             0.014768
          0.050      XZinj_plus_XZ45    512            3.607539            3.741242            0.133703                          3.707921             0.014806
          0.100      XZinj_plus_XZ45    512            3.610582            3.729501            0.118919                          3.294295             0.017956
          0.500      XZinj_plus_XZ45    512            3.630797            3.655836            0.025039                          0.689569             0.019147
          1.000      XZinj_plus_XZ45    512            3.655365            3.651841           -0.003524                         -0.095425             0.016088
          0.005      XZinj_plus_YX45    512            3.608287            3.753471            0.145184                          4.025029             0.014423
          0.010      XZinj_plus_YX45    512            3.611294            3.754789            0.143495                          3.974709             0.014331
          0.020      XZinj_plus_YX45    512            3.609347            3.750525            0.141179                          3.913100             0.013852
          0.050      XZinj_plus_YX45    512            3.606422            3.741680            0.135258                          3.751865             0.014403
          0.100      XZinj_plus_YX45    512            3.609455            3.728912            0.119457                          3.310342             0.016885
          0.500      XZinj_plus_YX45    512            3.630261            3.652954            0.022693                          0.625266             0.019727
          1.000      XZinj_plus_YX45    512            3.654644            3.650161           -0.004482                         -0.121469             0.015090
          0.005 XZinj_plus_YX45_XZ45    512            3.615921            3.756545            0.140624                          3.891377             0.015060
          0.010 XZinj_plus_YX45_XZ45    512            3.617846            3.756250            0.138405                          3.827250             0.014988
          0.020 XZinj_plus_YX45_XZ45    512            3.613743            3.752443            0.138701                          3.839968             0.014275
          0.050 XZinj_plus_YX45_XZ45    512            3.608894            3.743275            0.134382                          3.725570             0.014596
          0.100 XZinj_plus_YX45_XZ45    512            3.611804            3.730426            0.118622                          3.285168             0.016950
          0.500 XZinj_plus_YX45_XZ45    512            3.632161            3.655999            0.023838                          0.656377             0.020367
          1.000 XZinj_plus_YX45_XZ45    512            3.656623            3.652121           -0.004502                         -0.121420             0.015225
          0.005               XZ_all   2048            3.632719            3.768297            0.135578                          3.736846             0.016260
          0.010               XZ_all   2048            3.632581            3.762283            0.129702                          3.576342             0.015370
          0.020               XZ_all   2048            3.626665            3.757311            0.130646                          3.606496             0.014754
          0.050               XZ_all   2048            3.617966            3.734896            0.116930                          3.233922             0.017194
          0.100               XZ_all   2048            3.619862            3.706934            0.087073                          2.405987             0.018515
          0.500               XZ_all   2048            3.638684            3.640989            0.002305                          0.063719             0.014991
          1.000               XZ_all   2048            3.662946            3.659625           -0.003321                         -0.089763             0.011897
          0.005         XZ_injection   2048            3.605530            3.744740            0.139210                          3.862085             0.012619
          0.010         XZ_injection   2048            3.608420            3.745519            0.137100                          3.800422             0.012923
          0.020         XZ_injection   2048            3.606614            3.742470            0.135856                          3.768193             0.012899
          0.050         XZ_injection   2048            3.604412            3.721910            0.117498                          3.261199             0.015789
          0.100         XZ_injection   2048            3.607744            3.692584            0.084840                          2.352219             0.019239
          0.500         XZ_injection   2048            3.628404            3.628951            0.000547                          0.015174             0.014264
          1.000         XZ_injection   2048            3.653056            3.648129           -0.004926                         -0.133924             0.010945
          0.005      XZinj_plus_XZ45   2048            3.611676            3.749272            0.137596                          3.811269             0.012505
          0.010      XZinj_plus_XZ45   2048            3.613971            3.749350            0.135378                          3.747024             0.013359
          0.020      XZinj_plus_XZ45   2048            3.611097            3.745775            0.134678                          3.730832             0.014037
          0.050      XZinj_plus_XZ45   2048            3.607539            3.724880            0.117341                          3.253848             0.015240
          0.100      XZinj_plus_XZ45   2048            3.610582            3.696098            0.085516                          2.368899             0.019085
          0.500      XZinj_plus_XZ45   2048            3.630797            3.631912            0.001116                          0.030814             0.013728
          1.000      XZinj_plus_XZ45   2048            3.655365            3.651423           -0.003943                         -0.107013             0.010173
          0.005      XZinj_plus_YX45   2048            3.608287            3.748981            0.140694                          3.900708             0.013603
          0.010      XZinj_plus_YX45   2048            3.611294            3.748694            0.137400                          3.806168             0.013373
          0.020      XZinj_plus_YX45   2048            3.609347            3.744483            0.135136                          3.745993             0.013527
          0.050      XZinj_plus_YX45   2048            3.606422            3.723840            0.117417                          3.257271             0.014596
          0.100      XZinj_plus_YX45   2048            3.609455            3.694320            0.084865                          2.351618             0.018562
          0.500      XZinj_plus_YX45   2048            3.630261            3.630830            0.000569                          0.015886             0.014242
          1.000      XZinj_plus_YX45   2048            3.654644            3.651144           -0.003500                         -0.095059             0.010834
          0.005 XZinj_plus_YX45_XZ45   2048            3.615921            3.751689            0.135768                          3.757066             0.013874
          0.010 XZinj_plus_YX45_XZ45   2048            3.617846            3.751749            0.133904                          3.702971             0.013421
          0.020 XZinj_plus_YX45_XZ45   2048            3.613743            3.745606            0.131863                          3.650762             0.014368
          0.050 XZinj_plus_YX45_XZ45   2048            3.608894            3.726221            0.117328                          3.252613             0.016109
          0.100 XZinj_plus_YX45_XZ45   2048            3.611804            3.697182            0.085378                          2.364600             0.019988
          0.500 XZinj_plus_YX45_XZ45   2048            3.632161            3.635122            0.002962                          0.081571             0.013822
          1.000 XZinj_plus_YX45_XZ45   2048            3.656623            3.652996           -0.003626                         -0.098283             0.011156
          0.005               XZ_all   8192            3.632719            3.769082            0.136364                          3.758048             0.016497
          0.010               XZ_all   8192            3.632581            3.760472            0.127891                          3.526388             0.015970
          0.020               XZ_all   8192            3.626665            3.749684            0.123019                          3.395376             0.017303
          0.050               XZ_all   8192            3.617966            3.711370            0.093404                          2.583417             0.019105
          0.100               XZ_all   8192            3.619862            3.666672            0.046810                          1.293944             0.018792
          0.500               XZ_all   8192            3.638684            3.639477            0.000794                          0.021616             0.011172
          1.000               XZ_all   8192            3.662946            3.662643           -0.000304                         -0.007813             0.007874
          0.005         XZ_injection   8192            3.605530            3.742908            0.137378                          3.811279             0.011894
          0.010         XZ_injection   8192            3.608420            3.741122            0.132702                          3.678687             0.012323
          0.020         XZ_injection   8192            3.606614            3.734644            0.128030                          3.550935             0.015231
          0.050         XZ_injection   8192            3.604412            3.697971            0.093558                          2.596823             0.017952
          0.100         XZ_injection   8192            3.607744            3.653168            0.045424                          1.259637             0.019196
          0.500         XZ_injection   8192            3.628404            3.627099           -0.001305                         -0.035866             0.009014
          1.000         XZ_injection   8192            3.653056            3.650589           -0.002467                         -0.067084             0.006718
          0.005      XZinj_plus_XZ45   8192            3.611676            3.746156            0.134480                          3.725145             0.012333
          0.010      XZinj_plus_XZ45   8192            3.613971            3.745523            0.131552                          3.641145             0.014143
          0.020      XZinj_plus_XZ45   8192            3.611097            3.737937            0.126841                          3.513804             0.015207
          0.050      XZinj_plus_XZ45   8192            3.607539            3.700226            0.092688                          2.570251             0.017989
          0.100      XZinj_plus_XZ45   8192            3.610582            3.656308            0.045726                          1.267218             0.018988
          0.500      XZinj_plus_XZ45   8192            3.630797            3.629424           -0.001373                         -0.037700             0.009683
          1.000      XZinj_plus_XZ45   8192            3.655365            3.653432           -0.001933                         -0.052375             0.006801
          0.005      XZinj_plus_YX45   8192            3.608287            3.747035            0.138749                          3.846776             0.012720
          0.010      XZinj_plus_YX45   8192            3.611294            3.745544            0.134251                          3.718905             0.014287
          0.020      XZinj_plus_YX45   8192            3.609347            3.736369            0.127022                          3.520770             0.014542
          0.050      XZinj_plus_YX45   8192            3.606422            3.699142            0.092719                          2.572239             0.018680
          0.100      XZinj_plus_YX45   8192            3.609455            3.655512            0.046057                          1.276539             0.018312
          0.500      XZinj_plus_YX45   8192            3.630261            3.629436           -0.000824                         -0.022697             0.009872
          1.000      XZinj_plus_YX45   8192            3.654644            3.652487           -0.002157                         -0.058542             0.007224
          0.005 XZinj_plus_YX45_XZ45   8192            3.615921            3.750202            0.134280                          3.716038             0.014039
          0.010 XZinj_plus_YX45_XZ45   8192            3.617846            3.747880            0.130034                          3.595965             0.014600
          0.020 XZinj_plus_YX45_XZ45   8192            3.613743            3.736494            0.122751                          3.398478             0.015630
          0.050 XZinj_plus_YX45_XZ45   8192            3.608894            3.701456            0.092563                          2.566122             0.017759
          0.100 XZinj_plus_YX45_XZ45   8192            3.611804            3.657373            0.045569                          1.262522             0.018468
          0.500 XZinj_plus_YX45_XZ45   8192            3.632161            3.632529            0.000368                          0.010241             0.009629
          1.000 XZinj_plus_YX45_XZ45   8192            3.656623            3.655353           -0.001270                         -0.034137             0.007375
