WEEK 7 - STEP 7.3
Finite-shot observable robustness study

Estimator model: independent +/-1 Pauli sampling per observable.
Shot budgets: [128, 256, 512, 1024, 2048, 4096, 8192]
Monte-Carlo repeats: 20
Ridge alpha frozen to exact-feature CV optimum per seed/protocol/family.
This is not yet ancilla/circuit-specific or hardware-noise simulation.

Global summary:
              family  n_features  shots  mean_exact_cv_rmse  mean_noisy_cv_rmse  mean_delta_cv_rmse  median_delta_cv_rmse  max_mean_delta_cv_rmse  mean_relative_cv_degradation_pct  mean_mc_std_cv_rmse  cases_with_mean_degradation_le_001  cases_with_mean_degradation_le_1pct  mean_exact_validation_rmse  mean_noisy_validation_rmse  mean_delta_validation_rmse
        XZ_injection           8    128            3.605530            3.767940            0.162410              0.154493                0.225034                          4.504843             0.017613                                   0                                    0                    5.193019                    6.327079                    1.134061
     XZinj_plus_YX45           9    128            3.608287            3.770483            0.162196              0.156367                0.225793                          4.496270             0.018640                                   0                                    0                    5.193532                    6.327118                    1.133586
     XZinj_plus_XZ45           9    128            3.611676            3.770856            0.159180              0.151610                0.221375                          4.408645             0.018235                                   0                                    0                    5.213818                    6.325019                    1.111201
XZinj_plus_YX45_XZ45          10    128            3.615921            3.773702            0.157781              0.153154                0.224792                          4.365834             0.018442                                   0                                    0                    5.236993                    6.326824                    1.089831
              XZ_all          12    128            3.632719            3.785822            0.153103              0.155846                0.233383                          4.219008             0.021170                                   0                                    0                    5.194618                    6.321789                    1.127171
        XZ_injection           8    256            3.605530            3.756296            0.150766              0.150158                0.196883                          4.182395             0.016022                                   0                                    0                    5.193019                    6.314749                    1.121730
     XZinj_plus_YX45           9    256            3.608287            3.761140            0.152853              0.151594                0.198314                          4.237511             0.016766                                   0                                    0                    5.193532                    6.316406                    1.122874
     XZinj_plus_XZ45           9    256            3.611676            3.761393            0.149717              0.146126                0.196044                          4.146906             0.016794                                   0                                    0                    5.213818                    6.313193                    1.099375
XZinj_plus_YX45_XZ45          10    256            3.615921            3.763036            0.147114              0.147975                0.193000                          4.070853             0.016422                                   0                                    0                    5.236993                    6.314612                    1.077619
              XZ_all          12    256            3.632719            3.773832            0.141113              0.141039                0.194216                          3.889119             0.019517                                   0                                    0                    5.194618                    6.309410                    1.114792
        XZ_injection           8    512            3.605530            3.750764            0.145234              0.145111                0.168053                          4.028989             0.014489                                   0                                    0                    5.193019                    6.307132                    1.114113
     XZinj_plus_XZ45           9    512            3.611676            3.754024            0.142348              0.143774                0.171970                          3.942732             0.014137                                   0                                    0                    5.213818                    6.306036                    1.092218
     XZinj_plus_YX45           9    512            3.608287            3.754031            0.145744              0.146777                0.177997                          4.040586             0.014608                                   0                                    0                    5.193532                    6.309164                    1.115632
XZinj_plus_YX45_XZ45          10    512            3.615921            3.757925            0.142003              0.143624                0.172940                          3.929514             0.015561                                   0                                    0                    5.236993                    6.308428                    1.071435
              XZ_all          12    512            3.632719            3.770571            0.137853              0.138911                0.182277                          3.799458             0.018136                                   0                                    0                    5.194618                    6.302088                    1.107470
        XZ_injection           8   1024            3.605530            3.746889            0.141360              0.140294                0.159814                          3.921605             0.012342                                   0                                    0                    5.193019                    6.303638                    1.110619
     XZinj_plus_XZ45           9   1024            3.611676            3.751272            0.139596              0.140113                0.161780                          3.866480             0.013862                                   0                                    0                    5.213818                    6.302098                    1.088280
     XZinj_plus_YX45           9   1024            3.608287            3.751507            0.143220              0.143085                0.166199                          3.970609             0.014146                                   0                                    0                    5.193532                    6.305094                    1.111562
XZinj_plus_YX45_XZ45          10   1024            3.615921            3.753531            0.137610              0.138978                0.166359                          3.808015             0.014542                                   0                                    0                    5.236993                    6.304293                    1.067300
              XZ_all          12   1024            3.632719            3.769638            0.136919              0.135783                0.178463                          3.773726             0.018030                                   0                                    0                    5.194618                    6.298071                    1.103453
        XZ_injection           8   2048            3.605530            3.746056            0.140526              0.139747                0.154664                          3.898479             0.012551                                   0                                    0                    5.193019                    6.298342                    1.105323
     XZinj_plus_XZ45           9   2048            3.611676            3.748950            0.137274              0.137323                0.160062                          3.802415             0.013146                                   0                                    0                    5.213818                    6.296047                    1.082230
     XZinj_plus_YX45           9   2048            3.608287            3.749294            0.141007              0.140379                0.163079                          3.909268             0.013674                                   0                                    0                    5.193532                    6.300395                    1.106864
XZinj_plus_YX45_XZ45          10   2048            3.615921            3.752112            0.136190              0.137838                0.163815                          3.768780             0.013338                                   0                                    0                    5.236993                    6.301524                    1.064531
              XZ_all          12   2048            3.632719            3.768007            0.135288              0.133426                0.174472                          3.728776             0.015850                                   0                                    0                    5.194618                    6.294135                    1.099517
        XZ_injection           8   4096            3.605530            3.744349            0.138819              0.138277                0.153026                          3.851183             0.012021                                   0                                    0                    5.193019                    6.293675                    1.100656
     XZinj_plus_XZ45           9   4096            3.611676            3.746852            0.135176              0.135365                0.162451                          3.744306             0.012087                                   0                                    0                    5.213818                    6.293655                    1.079837
     XZinj_plus_YX45           9   4096            3.608287            3.747838            0.139551              0.138771                0.157740                          3.869096             0.012382                                   0                                    0                    5.193532                    6.295554                    1.102022
XZinj_plus_YX45_XZ45          10   4096            3.615921            3.750172            0.134251              0.136231                0.161112                          3.715222             0.013401                                   0                                    0                    5.236993                    6.295693                    1.058700
              XZ_all          12   4096            3.632719            3.767508            0.134789              0.132602                0.174027                          3.715023             0.015599                                   0                                    0                    5.194618                    6.290508                    1.095890
        XZ_injection           8   8192            3.605530            3.742893            0.137363              0.136521                0.153601                          3.810817             0.012100                                   0                                    0                    5.193019                    6.288207                    1.095188
     XZinj_plus_YX45           9   8192            3.608287            3.747374            0.139087              0.137851                0.155277                          3.856054             0.013149                                   0                                    0                    5.193532                    6.289183                    1.095651
     XZinj_plus_XZ45           9   8192            3.611676            3.747389            0.135713              0.136511                0.159321                          3.759156             0.012804                                   0                                    0                    5.213818                    6.286017                    1.072200
XZinj_plus_YX45_XZ45          10   8192            3.615921            3.750300            0.134379              0.136540                0.165024                          3.718841             0.012879                                   0                                    0                    5.236993                    6.289682                    1.052689
              XZ_all          12   8192            3.632719            3.769185            0.136467              0.131740                0.173121                          3.760941             0.017557                                   0                                    0                    5.194618                    6.283075                    1.088456

1% shot thresholds by family:
              family  n_features  cases_reaching_1pct  median_min_shots_within_1pct  max_min_shots_within_1pct
              XZ_all          12                    0                           NaN                        NaN
        XZ_injection           8                    0                           NaN                        NaN
     XZinj_plus_XZ45           9                    0                           NaN                        NaN
     XZinj_plus_YX45           9                    0                           NaN                        NaN
XZinj_plus_YX45_XZ45          10                    0                           NaN                        NaN

Mean relative degradation pivot:
shots                     128       256       512       1024      2048      4096      8192
family                                                                                    
XZ_injection          4.504843  4.182395  4.028989  3.921605  3.898479  3.851183  3.810817
XZ_all                4.219008  3.889119  3.799458  3.773726  3.728776  3.715023  3.760941
XZinj_plus_YX45       4.496270  4.237511  4.040586  3.970609  3.909268  3.869096  3.856054
XZinj_plus_XZ45       4.408645  4.146906  3.942732  3.866480  3.802415  3.744306  3.759156
XZinj_plus_YX45_XZ45  4.365834  4.070853  3.929514  3.808015  3.768780  3.715222  3.718841
