WEEK 7 - STEP 7.2
Two-qubit Pauli-correlation information study

Frozen: F4, alpha=0.005, hx=0.5, dt=0.8, r=2, five seeds
Protocols: CONT + RWP W={1,2,5,7,14,21,28}
Ideal expectation values only; no ancilla/shots/noise yet.

Reproduction audit:
 seed protocol    W  week6_ref_cv  week7_reproduced_cv      delta_cv  week6_ref_val  week7_reproduced_val     delta_val  pass
   42     CONT  NaN      3.588632             3.588632 -2.766606e-07       5.156031              5.156031 -1.131113e-07  True
   42   RWP_W1  1.0      3.577811             3.577811  4.240647e-07       5.128391              5.128391  1.531758e-07  True
   42   RWP_W2  2.0      3.584427             3.584427 -2.016817e-07       5.129457              5.129457 -2.436866e-07  True
   42   RWP_W5  5.0      3.604740             3.604740  6.335319e-08       5.168780              5.168780  1.534245e-07  True
   42   RWP_W7  7.0      3.617304             3.617304 -2.339393e-07       5.159828              5.159828 -5.319589e-08  True
   42  RWP_W14 14.0      3.622905             3.622905 -3.741340e-07       5.169476              5.169476  2.177010e-07  True
   42  RWP_W21 21.0      3.638049             3.638049 -4.065459e-07       5.155071              5.155071 -3.500755e-07  True
   42  RWP_W28 28.0      3.696277             3.696277 -1.682621e-07       5.156583              5.156583 -2.304824e-07  True
  101     CONT  NaN      3.629735             3.629735  3.240774e-07       5.081633              5.081633 -2.556133e-07  True
  101   RWP_W1  1.0      3.581138             3.581138  3.235548e-08       5.136548              5.136548  2.989139e-07  True
  101   RWP_W2  2.0      3.586706             3.586706 -3.705810e-07       5.133072              5.133072  4.010899e-07  True
  101   RWP_W5  5.0      3.656074             3.656074  4.129314e-07       5.172265              5.172265 -1.657439e-07  True
  101   RWP_W7  7.0      3.645019             3.645019  4.004950e-07       5.165367              5.165367 -4.109898e-08  True
  101  RWP_W14 14.0      3.635135             3.635135 -3.280275e-07       5.164759              5.164759 -1.049004e-07  True
  101  RWP_W21 21.0      3.697017             3.697017 -2.292498e-07       5.156901              5.156901  1.435394e-07  True
  101  RWP_W28 28.0      3.644343             3.644343 -4.841431e-07       5.170468              5.170468  4.702554e-07  True
  202     CONT  NaN      3.600109             3.600109 -2.144260e-07       5.154758              5.154758 -2.517670e-08  True
  202   RWP_W1  1.0      3.576847             3.576847 -2.207501e-07       5.113934              5.113934  9.316729e-08  True
  202   RWP_W2  2.0      3.593091             3.593091 -3.802686e-07       5.113949              5.113949  3.084969e-07  True
  202   RWP_W5  5.0      3.643715             3.643715 -4.837863e-07       5.154856              5.154856  2.140561e-07  True
  202   RWP_W7  7.0      3.628273             3.628273  2.052806e-07       5.148461              5.148461  3.894082e-07  True
  202  RWP_W14 14.0      3.637760             3.637760  2.797555e-07       5.142233              5.142233 -2.284355e-07  True
  202  RWP_W21 21.0      3.670090             3.670090  4.031012e-07       5.151656              5.151656  2.734405e-07  True
  202  RWP_W28 28.0      3.643596             3.643596  2.616234e-07       5.152490              5.152490 -4.944928e-07  True
  505     CONT  NaN      3.717280             3.717280 -2.157712e-07       5.368222              5.368222 -3.575161e-07  True
  505   RWP_W1  1.0      3.583733             3.583733  5.192047e-08       5.137218              5.137218 -2.970538e-07  True
  505   RWP_W2  2.0      3.625320             3.625320  3.944278e-07       5.553245              5.553245  1.523490e-08  True
  505   RWP_W5  5.0      3.657781             3.657781  4.434903e-07       5.356982              5.356982  2.661305e-07  True
  505   RWP_W7  7.0      3.647114             3.647114 -3.503903e-07       5.360796              5.360796 -2.190347e-07  True
  505  RWP_W14 14.0      3.674902             3.674902 -9.976612e-08       5.345020              5.345020 -5.336598e-08  True
  505  RWP_W21 21.0      3.638331             3.638331 -1.372667e-07       5.362426              5.362426 -5.936494e-08  True
  505  RWP_W28 28.0      3.661268             3.661268  2.548647e-07       5.380532              5.380532 -3.398749e-07  True
  707     CONT  NaN      3.681279             3.681279 -2.690157e-07       5.158272              5.158272 -3.000521e-07  True
  707   RWP_W1  1.0      3.583607             3.583607 -1.606634e-07       5.166460              5.166460 -3.947966e-07  True
  707   RWP_W2  2.0      3.588012             3.588012 -1.491661e-07       5.167525              5.167525  8.564440e-08  True
  707   RWP_W5  5.0      3.622606             3.622606 -2.219095e-08       5.180314              5.180314  3.205099e-08  True
  707   RWP_W7  7.0      3.679252             3.679252 -2.184666e-07       5.190069              5.190069  7.268399e-08  True
  707  RWP_W14 14.0      3.626493             3.626493 -1.711058e-07       5.166022              5.166022 -3.407798e-07  True
  707  RWP_W21 21.0      3.639941             3.639941  3.139611e-07       5.178298              5.178298 -1.880691e-08  True
  707  RWP_W28 28.0      3.683037             3.683037 -3.390454e-07       5.176355              5.176355  4.265202e-07  True

Family x protocol CV landscape:
protocol                       CONT    RWP_W1    RWP_W2    RWP_W5    RWP_W7   RWP_W14   RWP_W21   RWP_W28
family                                                                                                   
XZ_all                     3.643407  3.580627  3.595511  3.636983  3.643392  3.639439  3.656686  3.665704
XZ_injection               3.589683  3.579958  3.584077  3.599947  3.606445  3.617125  3.628714  3.638291
XZall_plus_XZcorr_chain    3.668278  3.614822  3.621304  3.654695  3.670388  3.671260  3.695217  3.700114
XZall_plus_YXchain         3.633593  3.571852  3.589414  3.634362  3.660262  3.632218  3.660127  3.677256
XZall_plus_ZX_YX           3.644976  3.587617  3.595377  3.635996  3.645053  3.651841  3.667691  3.679961
XZall_plus_ZXchain         3.634994  3.576366  3.598566  3.637691  3.652937  3.648618  3.660334  3.674175
XZall_plus_ZZchain         3.658173  3.580582  3.607882  3.651555  3.665916  3.653936  3.662919  3.668624
XZall_plus_all_corr        3.664693  3.593475  3.600058  3.641034  3.660605  3.662761  3.686671  3.698856
XZinj_plus_mem45_XZ_YX     3.594195  3.580386  3.606620  3.617507  3.619875  3.620320  3.645458  3.643012
XZinj_plus_memtouch_XZ_YX  3.611357  3.580713  3.615959  3.623182  3.640859  3.627303  3.655583  3.655066
all_chain_corr_only        3.650059  3.595445  3.610353  3.652695  3.676168  3.660406  3.690227  3.684025

Robustness across all 40 seed/protocol cases:
                   family  n_features  mean_cv_rmse  std_cv_rmse  mean_delta_cv_vs_XZall  median_delta_cv_vs_XZall  improves_vs_XZall  mean_delta_cv_vs_XZinj  improves_vs_XZinj  mean_validation_rmse
             XZ_injection           8      3.605530     0.020973               -0.027189                 -0.016513                 35                0.000000                  0              5.193019
   XZinj_plus_mem45_XZ_YX          10      3.615921     0.025183               -0.016797                 -0.010750                 31                0.010391                  7              5.236993
XZinj_plus_memtouch_XZ_YX          12      3.626253     0.029470               -0.006466                 -0.002746                 23                0.020723                  4              5.216576
       XZall_plus_YXchain          17      3.632385     0.045257               -0.000333                  0.000609                 20                0.026855                 10              5.418329
                   XZ_all          12      3.632719     0.037347                0.000000                  0.000000                  0                0.027189                  5              5.194618
       XZall_plus_ZXchain          17      3.635460     0.046317                0.002742                  0.000110                 19                0.029930                 12              5.335728
         XZall_plus_ZX_YX          22      3.638564     0.043574                0.005845                  0.004192                 15                0.033034                  4              5.481230
       XZall_plus_ZZchain          17      3.643699     0.039565                0.010980                  0.007223                 10                0.038169                  5              5.403198
      XZall_plus_all_corr          32      3.651019     0.042254                0.018300                  0.018597                  9                0.045489                  1              5.600773
      all_chain_corr_only          20      3.652422     0.043414                0.019704                  0.018821                 15                0.046892                  4              5.646744
  XZall_plus_XZcorr_chain          17      3.662010     0.039389                0.029291                  0.027954                  2                0.056480                  1              5.676010

Pair-type/location descriptive summary:
kind  location  mean_train_std  mean_abs_target_corr  max_abs_target_corr
  XZ  boundary        0.047638              0.207745             0.263260
  XZ injection        0.137109              0.139224             0.343808
  XZ    memory        0.144607              0.113602             0.250039
  YX  boundary        0.113024              0.146836             0.252525
  YX injection        0.174375              0.240519             0.340206
  YX    memory        0.124010              0.080007             0.216531
  ZX  boundary        0.115123              0.140600             0.252507
  ZX injection        0.161301              0.192748             0.345440
  ZX    memory        0.123268              0.066843             0.155233
  ZZ  boundary        0.154428              0.138489             0.252408
  ZZ injection        0.331891              0.137823             0.253853
  ZZ    memory        0.139633              0.104442             0.250039
