WEEK 7 - STEP 7.3C
INPUT-STRENGTH alpha x FINITE-SHOT INTERACTION STUDY

ALPHAS = [0.1, 0.25, 0.5, 0.75, 1.0]
SHOT_BUDGETS = [128, 512, 1024, 2048, 8192]
N_SHOT_REPEATS = 20

EXACT CV LANDSCAPE BY alpha
 encoding_alpha               family  mean_exact_cv_rmse  std_exact_cv_rmse  mean_exact_validation_rmse
           0.10      XZinj_plus_YX45            3.597293           0.013832                    5.299037
           0.10         XZ_injection            3.598037           0.014291                    5.299009
           0.10 XZinj_plus_YX45_XZ45            3.598871           0.015282                    5.299726
           0.10      XZinj_plus_XZ45            3.599945           0.015074                    5.298949
           0.10               XZ_all            3.603866           0.018253                    5.300253
           0.25      XZinj_plus_YX45            3.603556           0.012666                    5.222565
           0.25         XZ_injection            3.604016           0.012968                    5.222230
           0.25 XZinj_plus_YX45_XZ45            3.605344           0.014186                    5.223722
           0.25      XZinj_plus_XZ45            3.606180           0.013848                    5.222748
           0.25               XZ_all            3.610499           0.017271                    5.224699
           0.50      XZinj_plus_YX45            3.611324           0.011177                    5.199918
           0.50         XZ_injection            3.611712           0.011326                    5.199616
           0.50 XZinj_plus_YX45_XZ45            3.613150           0.012756                    5.201005
           0.50      XZinj_plus_XZ45            3.613909           0.012293                    5.200364
           0.50               XZ_all            3.618323           0.015897                    5.203333
           0.75      XZinj_plus_YX45            3.620173           0.010160                    5.228453
           0.75         XZ_injection            3.620584           0.010174                    5.228493
           0.75 XZinj_plus_YX45_XZ45            3.621961           0.011812                    5.228921
           0.75      XZinj_plus_XZ45            3.622714           0.011244                    5.228758
           0.75               XZ_all            3.627050           0.014953                    5.231823
           1.00      XZinj_plus_YX45            3.628954           0.009451                    5.274987
           1.00         XZ_injection            3.629464           0.009306                    5.275804
           1.00 XZinj_plus_YX45_XZ45            3.630668           0.011150                    5.274486
           1.00      XZinj_plus_XZ45            3.631458           0.010480                    5.275033
           1.00               XZ_all            3.635674           0.014260                    5.277736

XZ_injection RELATIVE CV DEGRADATION (%)
shots               128       512       1024      2048      8192
encoding_alpha                                                  
0.10            3.970853  3.350540  2.875108  2.353423  1.286463
0.25            3.309429  1.997933  1.248818  0.606090  0.033680
0.50            2.246383  0.726855  0.317095  0.049120 -0.020462
0.75            1.379782  0.277375  0.074720 -0.012747 -0.007708
1.00            0.774547 -0.000022 -0.007494 -0.012451 -0.014092

XZ_injection MEDIAN FEATURE SSNR
shots               128       512       1024      2048       8192
encoding_alpha                                                   
0.10            0.825889  1.651777  2.335965  3.303554   6.607108
0.25            0.954518  1.909037  2.699786  3.818074   7.636147
0.50            1.305534  2.611069  3.692609  5.222138  10.444276
0.75            1.835198  3.670395  5.190723  7.340790  14.681580
1.00            2.390510  4.781020  6.761383  9.562039  19.124078

GLOBAL alpha x SHOT SUMMARY
 encoding_alpha               family  shots  mean_exact_cv_rmse  mean_noisy_cv_rmse  mean_delta_cv_rmse  mean_relative_cv_degradation_pct  mean_mc_std_cv_rmse
           0.10               XZ_all    128            3.603866            3.748407            0.144541                          4.010934             0.014101
           0.25               XZ_all    128            3.610499            3.726968            0.116468                          3.225930             0.019014
           0.50               XZ_all    128            3.618323            3.697427            0.079104                          2.185933             0.021548
           0.75               XZ_all    128            3.627050            3.676219            0.049169                          1.355800             0.022328
           1.00               XZ_all    128            3.635674            3.665443            0.029769                          0.818584             0.021306
           0.10         XZ_injection    128            3.598037            3.740898            0.142861                          3.970853             0.014231
           0.25         XZ_injection    128            3.604016            3.723283            0.119267                          3.309429             0.019527
           0.50         XZ_injection    128            3.611712            3.692848            0.081137                          2.246383             0.022430
           0.75         XZ_injection    128            3.620584            3.670545            0.049960                          1.379782             0.021028
           1.00         XZ_injection    128            3.629464            3.657590            0.028127                          0.774547             0.021165
           0.10      XZinj_plus_XZ45    128            3.599945            3.744924            0.144979                          4.027605             0.014180
           0.25      XZinj_plus_XZ45    128            3.606180            3.724712            0.118532                          3.287294             0.016758
           0.50      XZinj_plus_XZ45    128            3.613909            3.692971            0.079061                          2.187760             0.021749
           0.75      XZinj_plus_XZ45    128            3.622714            3.669319            0.046604                          1.286279             0.020359
           1.00      XZinj_plus_XZ45    128            3.631458            3.661046            0.029588                          0.814398             0.019905
           0.10      XZinj_plus_YX45    128            3.597293            3.740493            0.143201                          3.981075             0.013472
           0.25      XZinj_plus_YX45    128            3.603556            3.726716            0.123160                          3.417763             0.017683
           0.50      XZinj_plus_YX45    128            3.611324            3.688021            0.076697                          2.123938             0.022207
           0.75      XZinj_plus_YX45    128            3.620173            3.668331            0.048157                          1.329954             0.022659
           1.00      XZinj_plus_YX45    128            3.628954            3.658004            0.029049                          0.800314             0.019264
           0.10 XZinj_plus_YX45_XZ45    128            3.598871            3.744395            0.145524                          4.044156             0.013064
           0.25 XZinj_plus_YX45_XZ45    128            3.605344            3.726249            0.120905                          3.353942             0.016696
           0.50 XZinj_plus_YX45_XZ45    128            3.613150            3.692687            0.079537                          2.201332             0.021059
           0.75 XZinj_plus_YX45_XZ45    128            3.621961            3.671763            0.049802                          1.375103             0.020455
           1.00 XZinj_plus_YX45_XZ45    128            3.630668            3.660982            0.030314                          0.834933             0.019023
           0.10               XZ_all    512            3.603866            3.723025            0.119159                          3.306863             0.013949
           0.25               XZ_all    512            3.610499            3.681739            0.071240                          1.973554             0.021648
           0.50               XZ_all    512            3.618323            3.643075            0.024751                          0.684168             0.019426
           0.75               XZ_all    512            3.627050            3.636013            0.008964                          0.247484             0.015489
           1.00               XZ_all    512            3.635674            3.639047            0.003373                          0.092823             0.012521
           0.10         XZ_injection    512            3.598037            3.718584            0.120547                          3.350540             0.013773
           0.25         XZ_injection    512            3.604016            3.676024            0.072007                          1.997933             0.019012
           0.50         XZ_injection    512            3.611712            3.637974            0.026262                          0.726855             0.017291
           0.75         XZ_injection    512            3.620584            3.630632            0.010048                          0.277375             0.016044
           1.00         XZ_injection    512            3.629464            3.629467            0.000003                         -0.000022             0.015024
           0.10      XZinj_plus_XZ45    512            3.599945            3.716947            0.117002                          3.250252             0.015783
           0.25      XZinj_plus_XZ45    512            3.606180            3.675454            0.069275                          1.920991             0.021495
           0.50      XZinj_plus_XZ45    512            3.613909            3.638805            0.024895                          0.688770             0.015309
           0.75      XZinj_plus_XZ45    512            3.622714            3.631864            0.009150                          0.252372             0.015761
           1.00      XZinj_plus_XZ45    512            3.631458            3.633752            0.002293                          0.063150             0.013118
           0.10      XZinj_plus_YX45    512            3.597293            3.718329            0.121036                          3.364668             0.013530
           0.25      XZinj_plus_YX45    512            3.603556            3.676419            0.072864                          2.022329             0.020217
           0.50      XZinj_plus_YX45    512            3.611324            3.637303            0.025979                          0.719251             0.018153
           0.75      XZinj_plus_YX45    512            3.620173            3.627430            0.007257                          0.200321             0.012897
           1.00      XZinj_plus_YX45    512            3.628954            3.632332            0.003377                          0.092910             0.013505
           0.10 XZinj_plus_YX45_XZ45    512            3.598871            3.715222            0.116351                          3.233200             0.015725
           0.25 XZinj_plus_YX45_XZ45    512            3.605344            3.675864            0.070520                          1.955950             0.021602
           0.50 XZinj_plus_YX45_XZ45    512            3.613150            3.637313            0.024163                          0.668512             0.017612
           0.75 XZinj_plus_YX45_XZ45    512            3.621961            3.630723            0.008762                          0.242068             0.014745
           1.00 XZinj_plus_YX45_XZ45    512            3.630668            3.634471            0.003803                          0.104716             0.013405
           0.10               XZ_all   1024            3.603866            3.708674            0.104808                          2.908714             0.015360
           0.25               XZ_all   1024            3.610499            3.652791            0.042292                          1.171782             0.018430
           0.50               XZ_all   1024            3.618323            3.628105            0.009782                          0.270420             0.015468
           0.75               XZ_all   1024            3.627050            3.631052            0.004003                          0.110404             0.012766
           1.00               XZ_all   1024            3.635674            3.637403            0.001729                          0.047506             0.011022
           0.10         XZ_injection   1024            3.598037            3.701477            0.103440                          2.875108             0.013625
           0.25         XZ_injection   1024            3.604016            3.649026            0.045010                          1.248818             0.018402
           0.50         XZ_injection   1024            3.611712            3.623164            0.011452                          0.317095             0.012447
           0.75         XZ_injection   1024            3.620584            3.623297            0.002713                          0.074720             0.010770
           1.00         XZ_injection   1024            3.629464            3.629191           -0.000272                         -0.007494             0.009804
           0.10      XZinj_plus_XZ45   1024            3.599945            3.705001            0.105056                          2.918668             0.015075
           0.25      XZinj_plus_XZ45   1024            3.606180            3.649450            0.043270                          1.199833             0.018615
           0.50      XZinj_plus_XZ45   1024            3.613909            3.621795            0.007885                          0.218269             0.014564
           0.75      XZinj_plus_XZ45   1024            3.622714            3.622771            0.000056                          0.001659             0.011329
           1.00      XZinj_plus_XZ45   1024            3.631458            3.632006            0.000547                          0.015037             0.009148
           0.10      XZinj_plus_YX45   1024            3.597293            3.700994            0.103701                          2.882838             0.015015
           0.25      XZinj_plus_YX45   1024            3.603556            3.649245            0.045690                          1.267658             0.020383
           0.50      XZinj_plus_YX45   1024            3.611324            3.621516            0.010192                          0.282116             0.015912
           0.75      XZinj_plus_YX45   1024            3.620173            3.621606            0.001433                          0.039568             0.010585
           1.00      XZinj_plus_YX45   1024            3.628954            3.627914           -0.001041                         -0.028800             0.008651
           0.10 XZinj_plus_YX45_XZ45   1024            3.598871            3.702170            0.103299                          2.870681             0.016083
           0.25 XZinj_plus_YX45_XZ45   1024            3.605344            3.651513            0.046170                          1.280575             0.018926
           0.50 XZinj_plus_YX45_XZ45   1024            3.613150            3.621916            0.008767                          0.242737             0.012932
           0.75 XZinj_plus_YX45_XZ45   1024            3.621961            3.624583            0.002622                          0.072279             0.011333
           1.00 XZinj_plus_YX45_XZ45   1024            3.630668            3.631459            0.000791                          0.021812             0.009757
           0.10               XZ_all   2048            3.603866            3.687915            0.084049                          2.332526             0.017221
           0.25               XZ_all   2048            3.610499            3.633974            0.023474                          0.650275             0.015788
           0.50               XZ_all   2048            3.618323            3.620435            0.002112                          0.058477             0.012345
           0.75               XZ_all   2048            3.627050            3.628290            0.001241                          0.034318             0.008595
           1.00               XZ_all   2048            3.635674            3.636206            0.000532                          0.014830             0.008469
           0.10         XZ_injection   2048            3.598037            3.682705            0.084668                          2.353423             0.018118
           0.25         XZ_injection   2048            3.604016            3.625867            0.021851                          0.606090             0.014402
           0.50         XZ_injection   2048            3.611712            3.613486            0.001775                          0.049120             0.011119
           0.75         XZ_injection   2048            3.620584            3.620124           -0.000460                         -0.012747             0.009689
           1.00         XZ_injection   2048            3.629464            3.629014           -0.000450                         -0.012451             0.007712
           0.10      XZinj_plus_XZ45   2048            3.599945            3.684945            0.085000                          2.361214             0.016683
           0.25      XZinj_plus_XZ45   2048            3.606180            3.627202            0.021023                          0.583069             0.017822
           0.50      XZinj_plus_XZ45   2048            3.613909            3.616426            0.002516                          0.069569             0.011891
           0.75      XZinj_plus_XZ45   2048            3.622714            3.623386            0.000672                          0.018467             0.008845
           1.00      XZinj_plus_XZ45   2048            3.631458            3.630238           -0.001220                         -0.033582             0.007763
           0.10      XZinj_plus_YX45   2048            3.597293            3.681413            0.084120                          2.338806             0.018566
           0.25      XZinj_plus_YX45   2048            3.603556            3.626558            0.023002                          0.638378             0.018412
           0.50      XZinj_plus_YX45   2048            3.611324            3.613459            0.002134                          0.059060             0.011705
           0.75      XZinj_plus_YX45   2048            3.620173            3.620833            0.000660                          0.018208             0.008802
           1.00      XZinj_plus_YX45   2048            3.628954            3.629031            0.000076                          0.002029             0.007709
           0.10 XZinj_plus_YX45_XZ45   2048            3.598871            3.681928            0.083056                          2.308110             0.017144
           0.25 XZinj_plus_YX45_XZ45   2048            3.605344            3.625352            0.020008                          0.555146             0.016876
           0.50 XZinj_plus_YX45_XZ45   2048            3.613150            3.615754            0.002604                          0.072117             0.010549
           0.75 XZinj_plus_YX45_XZ45   2048            3.621961            3.623288            0.001328                          0.036583             0.008730
           1.00 XZinj_plus_YX45_XZ45   2048            3.630668            3.631746            0.001077                          0.029639             0.007798
           0.10               XZ_all   8192            3.603866            3.649054            0.045188                          1.253933             0.017376
           0.25               XZ_all   8192            3.610499            3.610615            0.000115                          0.003342             0.011983
           0.50               XZ_all   8192            3.618323            3.618383            0.000060                          0.001793             0.007180
           0.75               XZ_all   8192            3.627050            3.628812            0.001762                          0.048620             0.006364
           1.00               XZ_all   8192            3.635674            3.636340            0.000666                          0.018378             0.005825
           0.10         XZ_injection   8192            3.598037            3.644326            0.046289                          1.286463             0.017687
           0.25         XZ_injection   8192            3.604016            3.605235            0.001219                          0.033680             0.012008
           0.50         XZ_injection   8192            3.611712            3.610970           -0.000741                         -0.020462             0.007264
           0.75         XZ_injection   8192            3.620584            3.620304           -0.000280                         -0.007708             0.005111
           1.00         XZ_injection   8192            3.629464            3.628953           -0.000510                         -0.014092             0.004275
           0.10      XZinj_plus_XZ45   8192            3.599945            3.645191            0.045246                          1.257166             0.016754
           0.25      XZinj_plus_XZ45   8192            3.606180            3.608849            0.002669                          0.074021             0.011050
           0.50      XZinj_plus_XZ45   8192            3.613909            3.613130           -0.000780                         -0.021586             0.006569
           0.75      XZinj_plus_XZ45   8192            3.622714            3.622618           -0.000096                         -0.002696             0.005016
           1.00      XZinj_plus_XZ45   8192            3.631458            3.631061           -0.000397                         -0.010925             0.004075
           0.10      XZinj_plus_YX45   8192            3.597293            3.642684            0.045392                          1.261910             0.017753
           0.25      XZinj_plus_YX45   8192            3.603556            3.605532            0.001976                          0.054944             0.012553
           0.50      XZinj_plus_YX45   8192            3.611324            3.611295           -0.000029                         -0.000801             0.006876
           0.75      XZinj_plus_YX45   8192            3.620173            3.620878            0.000705                          0.019483             0.005122
           1.00      XZinj_plus_YX45   8192            3.628954            3.628886           -0.000068                         -0.001919             0.004548
           0.10 XZinj_plus_YX45_XZ45   8192            3.598871            3.645850            0.046979                          1.305394             0.017674
           0.25 XZinj_plus_YX45_XZ45   8192            3.605344            3.606565            0.001221                          0.033941             0.011537
           0.50 XZinj_plus_YX45_XZ45   8192            3.613150            3.614189            0.001039                          0.028822             0.006612
           0.75 XZinj_plus_YX45_XZ45   8192            3.621961            3.621719           -0.000241                         -0.006680             0.006295
           1.00 XZinj_plus_YX45_XZ45   8192            3.630668            3.631017            0.000348                          0.009658             0.005410
