WEEK 7 STEP 7.4B.2 - WASHOUT FORECASTING TEST
========================================================================================

alpha=0.75, seed=42, family=XZinj_plus_YX45, ridge_alpha=100.0
washouts=[0, 5, 10, 25, 50, 100], selective MC=20

                         mode  washout  n_cases  mean_cv_rmse  mean_validation_rmse  median_init_range_validation_rmse  p90_init_range_validation_rmse  median_max_pairwise_prediction_rmse  p90_max_pairwise_prediction_rmse  delta_mean_cv_vs_T0  delta_mean_validation_vs_T0
             ideal_unmeasured        0        1      3.617264              5.218753                           0.024969                        0.024969                             0.169751                          0.169751             0.000000                     0.000000
             ideal_unmeasured        5        1      3.616073              5.226860                           0.028430                        0.028430                             0.168894                          0.168894            -0.001191                     0.008107
             ideal_unmeasured       10        1      3.621671              5.224571                           0.027741                        0.027741                             0.169046                          0.169046             0.004407                     0.005818
             ideal_unmeasured       25        1      3.641169              5.231784                           0.027960                        0.027960                             0.170526                          0.170526             0.023905                     0.013031
             ideal_unmeasured       50        1      3.636086              5.237538                           0.029157                        0.029157                             0.171996                          0.171996             0.018822                     0.018785
             ideal_unmeasured      100        1      3.630623              5.234871                           0.022220                        0.022220                             0.169961                          0.169961             0.013358                     0.016119
ancilla_joint_YX_nonselective        0        1      3.617073              5.231427                           0.017004                        0.017004                             0.060114                          0.060114             0.000000                     0.000000
ancilla_joint_YX_nonselective        5        1      3.614219              5.234671                           0.009415                        0.009415                             0.049109                          0.049109            -0.002854                     0.003244
ancilla_joint_YX_nonselective       10        1      3.620145              5.230549                           0.006607                        0.006607                             0.043267                          0.043267             0.003072                    -0.000878
ancilla_joint_YX_nonselective       25        1      3.640733              5.236839                           0.008155                        0.008155                             0.050412                          0.050412             0.023660                     0.005412
ancilla_joint_YX_nonselective       50        1      3.635761              5.240073                           0.002725                        0.002725                             0.024060                          0.024060             0.018688                     0.008645
ancilla_joint_YX_nonselective      100        1      3.634586              5.235456                           0.055121                        0.055121                             0.269018                          0.269018             0.017513                     0.004028
 direct_local_Y4_X5_selective        0       20      3.618726              5.211240                           0.002573                        0.005771                             0.028132                          0.034767             0.000000                     0.000000
 direct_local_Y4_X5_selective        5       20      3.617414              5.221385                           0.000000                        0.000426                             0.000000                          0.002570            -0.001312                     0.010144
 direct_local_Y4_X5_selective       10       20      3.623697              5.218132                           0.000000                        0.000000                             0.000000                          0.000000             0.004971                     0.006892
 direct_local_Y4_X5_selective       25       20      3.645020              5.223666                           0.000000                        0.000000                             0.000000                          0.000000             0.026295                     0.012426
 direct_local_Y4_X5_selective       50       20      3.640645              5.227607                           0.000000                        0.000000                             0.000000                          0.000000             0.021920                     0.016366
 direct_local_Y4_X5_selective      100       20      3.636410              5.222237                           0.000000                        0.000000                             0.000000                          0.000000             0.017685                     0.010996
   ancilla_joint_YX_selective        0       20      3.617225              5.225790                           0.011755                        0.017815                             0.042527                          0.054156             0.000000                     0.000000
   ancilla_joint_YX_selective        5       20      3.616123              5.235853                           0.012338                        0.018600                             0.040280                          0.058747            -0.001102                     0.010063
   ancilla_joint_YX_selective       10       20      3.622474              5.232897                           0.012116                        0.017414                             0.038473                          0.055659             0.005249                     0.007107
   ancilla_joint_YX_selective       25       20      3.643144              5.239082                           0.012285                        0.016882                             0.037589                          0.052622             0.025919                     0.013291
   ancilla_joint_YX_selective       50       20      3.640157              5.242589                           0.011690                        0.018522                             0.035178                          0.056313             0.022933                     0.016798
   ancilla_joint_YX_selective      100       20      3.633123              5.237987                           0.008976                        0.018343                             0.033525                          0.058759             0.015899                     0.012197
