WEEK 7 STEP 7.4C.8 - INITIALIZATION AND TEMPORAL MEMORY
================================================================================================

TRAJECTORY:
initial_state  feature_RMS_CONT_vs_W1   D_to_I4_t0  D_to_I4_t100  D_to_I4_t500  D_to_I4_final  D_to_initial_final
           I4            3.150531e-14 1.127314e-16  3.291927e-15  1.801337e-14   4.832246e-14        4.832246e-14
           00            2.442451e-02 7.497235e-01  6.135943e-01  2.940543e-01   6.528151e-02        7.471890e-01
           11            2.500841e-02 7.497235e-01  6.178618e-01  3.057582e-01   6.553418e-02        7.440346e-01
           pp            5.792257e-03 7.481849e-01  6.298222e-01  2.944664e-01   6.747526e-02        7.256219e-01
      BellPhi            3.856431e-03 7.481741e-01  5.969716e-01  2.665904e-01   6.579170e-02        7.447438e-01

MEMORY:
initial_state  sum_MC_W1  sum_MC_CONT  sum_Delta_MC_CONT_vs_W1  n_positive_delays  max_Delta_MC_CONT_vs_W1  feature_RMS_CONT_vs_W1   D_to_I4_t0  D_to_I4_t100  D_to_I4_t500  D_to_I4_final
           I4  35.336217    35.336217             1.317213e-12                 89             6.289413e-14            3.150531e-14 1.127314e-16  3.291927e-15  1.801337e-14   4.832246e-14
           00  35.317556    35.413301             9.574462e-02                 47             3.137121e-02            2.442451e-02 7.497235e-01  6.135943e-01  2.940543e-01   6.528151e-02
           11  35.332467    35.329496            -2.971012e-03                 46             2.780449e-02            2.500841e-02 7.497235e-01  6.178618e-01  3.057582e-01   6.553418e-02
           pp  35.337849    35.340994             3.144730e-03                 32             1.943707e-02            5.792257e-03 7.481849e-01  6.298222e-01  2.944664e-01   6.747526e-02
      BellPhi  35.336217    35.375300             3.908320e-02                 46             3.049239e-02            3.856431e-03 7.481741e-01  5.969716e-01  2.665904e-01   6.579170e-02
