WEEK 7 - STEP 7.1 (REVISED)
Observable-information study across RWP windows + CONT

RWP windows: [1, 2, 5, 7, 14, 21, 28]
CONT: continuous memory over full chronology
Seeds: [42, 101, 202, 505, 707]
F4 and all reservoir hyperparameters frozen.
2025 diagnostic only; 2026 untouched.

Week-6 temporal-protocol reproduction audit:
 seed protocol    W  week6_ref_cv  week7_reproduced_cv      delta_cv  week6_ref_val  week7_reproduced_val     delta_val  pass
   42     CONT  NaN      3.588632             3.588632 -2.766606e-07       5.156031              5.156031 -1.131113e-07  True
   42   RWP_W1  1.0      3.577811             3.577811  4.240647e-07       5.128391              5.128391  1.531758e-07  True
   42   RWP_W2  2.0      3.584427             3.584427 -2.016817e-07       5.129457              5.129457 -2.436866e-07  True
   42   RWP_W5  5.0      3.604740             3.604740  6.335319e-08       5.168780              5.168780  1.534245e-07  True
   42   RWP_W7  7.0      3.617304             3.617304 -2.339393e-07       5.159828              5.159828 -5.319589e-08  True
   42  RWP_W14 14.0      3.622905             3.622905 -3.741340e-07       5.169476              5.169476  2.177010e-07  True
   42  RWP_W21 21.0      3.638049             3.638049 -4.065459e-07       5.155071              5.155071 -3.500755e-07  True
   42  RWP_W28 28.0      3.696277             3.696277 -1.682621e-07       5.156583              5.156583 -2.304824e-07  True
  101     CONT  NaN      3.629735             3.629735  3.240774e-07       5.081633              5.081633 -2.556133e-07  True
  101   RWP_W1  1.0      3.581138             3.581138  3.235548e-08       5.136548              5.136548  2.989139e-07  True
  101   RWP_W2  2.0      3.586706             3.586706 -3.705810e-07       5.133072              5.133072  4.010899e-07  True
  101   RWP_W5  5.0      3.656074             3.656074  4.129314e-07       5.172265              5.172265 -1.657439e-07  True
  101   RWP_W7  7.0      3.645019             3.645019  4.004950e-07       5.165367              5.165367 -4.109898e-08  True
  101  RWP_W14 14.0      3.635135             3.635135 -3.280275e-07       5.164759              5.164759 -1.049004e-07  True
  101  RWP_W21 21.0      3.697017             3.697017 -2.292498e-07       5.156901              5.156901  1.435394e-07  True
  101  RWP_W28 28.0      3.644343             3.644343 -4.841431e-07       5.170468              5.170468  4.702554e-07  True
  202     CONT  NaN      3.600109             3.600109 -2.144260e-07       5.154758              5.154758 -2.517670e-08  True
  202   RWP_W1  1.0      3.576847             3.576847 -2.207501e-07       5.113934              5.113934  9.316729e-08  True
  202   RWP_W2  2.0      3.593091             3.593091 -3.802686e-07       5.113949              5.113949  3.084969e-07  True
  202   RWP_W5  5.0      3.643715             3.643715 -4.837863e-07       5.154856              5.154856  2.140561e-07  True
  202   RWP_W7  7.0      3.628273             3.628273  2.052806e-07       5.148461              5.148461  3.894082e-07  True
  202  RWP_W14 14.0      3.637760             3.637760  2.797555e-07       5.142233              5.142233 -2.284355e-07  True
  202  RWP_W21 21.0      3.670090             3.670090  4.031012e-07       5.151656              5.151656  2.734405e-07  True
  202  RWP_W28 28.0      3.643596             3.643596  2.616234e-07       5.152490              5.152490 -4.944928e-07  True
  505     CONT  NaN      3.717280             3.717280 -2.157712e-07       5.368222              5.368222 -3.575161e-07  True
  505   RWP_W1  1.0      3.583733             3.583733  5.192047e-08       5.137218              5.137218 -2.970538e-07  True
  505   RWP_W2  2.0      3.625320             3.625320  3.944278e-07       5.553245              5.553245  1.523490e-08  True
  505   RWP_W5  5.0      3.657781             3.657781  4.434903e-07       5.356982              5.356982  2.661305e-07  True
  505   RWP_W7  7.0      3.647114             3.647114 -3.503903e-07       5.360796              5.360796 -2.190347e-07  True
  505  RWP_W14 14.0      3.674902             3.674902 -9.976612e-08       5.345020              5.345020 -5.336598e-08  True
  505  RWP_W21 21.0      3.638331             3.638331 -1.372667e-07       5.362426              5.362426 -5.936494e-08  True
  505  RWP_W28 28.0      3.661268             3.661268  2.548647e-07       5.380532              5.380532 -3.398749e-07  True
  707     CONT  NaN      3.681279             3.681279 -2.690157e-07       5.158272              5.158272 -3.000521e-07  True
  707   RWP_W1  1.0      3.583607             3.583607 -1.606634e-07       5.166460              5.166460 -3.947966e-07  True
  707   RWP_W2  2.0      3.588012             3.588012 -1.491661e-07       5.167525              5.167525  8.564440e-08  True
  707   RWP_W5  5.0      3.622606             3.622606 -2.219095e-08       5.180314              5.180314  3.205099e-08  True
  707   RWP_W7  7.0      3.679252             3.679252 -2.184666e-07       5.190069              5.190069  7.268399e-08  True
  707  RWP_W14 14.0      3.626493             3.626493 -1.711058e-07       5.166022              5.166022 -3.407798e-07  True
  707  RWP_W21 21.0      3.639941             3.639941  3.139611e-07       5.178298              5.178298 -1.880691e-08  True
  707  RWP_W28 28.0      3.683037             3.683037 -3.390454e-07       5.176355              5.176355  4.265202e-07  True

Mean CV RMSE matrix:
protocol             CONT    RWP_W1    RWP_W2    RWP_W5    RWP_W7   RWP_W14   RWP_W21   RWP_W28
family                                                                                         
XYZ_all          3.655199  3.599926  3.609035  3.644147  3.664489  3.662402  3.676940  3.680144
XZ_all           3.643407  3.580627  3.595511  3.636983  3.643392  3.639439  3.656686  3.665704
XZ_injection     3.589683  3.579958  3.584077  3.599947  3.606445  3.617125  3.628714  3.638291
XZ_memory        4.062003  3.919594  3.922394  3.972599  4.002731  4.049157  4.065907  4.082929
XZ_plus_Ymemory  3.646544  3.580782  3.596713  3.649432  3.660180  3.658891  3.664652  3.668050
X_all            3.744329  3.635622  3.660340  3.723717  3.720005  3.750768  3.761878  3.773175
Y_all            3.714000  3.708607  3.708277  3.726277  3.731845  3.740968  3.755726  3.758227
Z_all            3.850788  3.843859  3.848085  3.844948  3.851254  3.855700  3.876871  3.881367

Winner by protocol:
protocol       family    W  n_features  mean_rank  mean_cv_rmse  seed_std_cv_rmse  mean_delta_cv_vs_XZ  wins_vs_XZ_cv  mean_validation_rmse  seed_std_validation_rmse  mean_delta_val_vs_XZ  wins_vs_XZ_val  rank_within_protocol
    CONT XZ_injection  NaN           8        8.0      3.589683          0.009761            -0.053724              5              5.191381                  0.100597              0.007598               3                     1
  RWP_W1 XZ_injection  1.0           8        8.0      3.579958          0.002985            -0.000669              3              5.139837                  0.017233              0.003327               0                     1
  RWP_W2 XZ_injection  2.0           8        8.0      3.584077          0.005843            -0.011434              4              5.188936                  0.087313             -0.030514               2                     1
  RWP_W5 XZ_injection  5.0           8        8.0      3.599947          0.005538            -0.037037              5              5.205411                  0.097827             -0.001229               3                     1
  RWP_W7 XZ_injection  7.0           8        8.0      3.606445          0.004207            -0.036947              5              5.205469                  0.094706              0.000565               3                     1
 RWP_W14 XZ_injection 14.0           8        8.0      3.617125          0.008166            -0.022314              4              5.203592                  0.089152              0.006090               2                     1
 RWP_W21 XZ_injection 21.0           8        8.0      3.628714          0.007597            -0.027971              4              5.205241                  0.096076              0.004370               1                     1
 RWP_W28 XZ_injection 28.0           8        8.0      3.638291          0.007018            -0.027413              5              5.204284                  0.096673             -0.003002               3                     1
