FINAL HETEROGENEOUS-J MEMORY OPTIMIZATION
==============================================================================================================

Reference MC/ch = 0.826055
Reference total corrected MC ~= 3.304220

Top 20:
 rank    stage  dt       J24       J34       J35       J45  MC_per_channel_corrected  MC_total_corrected  MC_delay1_mean  MC_delay5_mean  MC_delay10_mean  Tw_0.01   tau_mem  washout_valid
    1  B_local 1.5 -0.907276 -0.444414 -1.600000 -1.194296                  1.212763            4.851052        0.237570        0.145930         0.025857       44 10.356007              1
    2  B_local 1.2  1.359313 -0.314978 -1.106993  0.993130                  1.182705            4.730820        0.234387        0.120575         0.045476       47 15.199751              1
    3  B_local 1.5 -1.144814 -0.379400 -1.600000 -1.200712                  1.175941            4.703763        0.239887        0.100795         0.019271       45 10.172381              1
    4 A_random 1.2  1.341319 -0.419156 -1.200463  1.030718                  1.167984            4.671938        0.232046        0.136142         0.062303       38 12.710163              1
    5  B_local 1.2  1.315190 -0.581769 -1.216021  0.958116                  1.166666            4.666662        0.241623        0.132931         0.025946       50 14.449433              1
    6  B_local 1.2  1.275511  0.295144 -1.272401 -1.537521                  1.159939            4.639755        0.241309        0.127257         0.057145       51 17.883582              1
    7  B_local 1.2 -0.853000 -0.292844  1.391608 -1.087352                  1.151647            4.606588        0.219409        0.125205         0.064614      107 19.809892              1
    8 A_anchor 1.5 -1.000000 -0.500000 -1.500000 -1.000000                  1.149275            4.597100        0.233002        0.131820         0.016224       35 10.243676              1
    9  B_local 1.2 -0.601375 -0.476901  1.307064 -1.191349                  1.118851            4.475404        0.198451        0.079411         0.059799      116 18.975786              1
   10  B_local 1.5 -0.568602  0.547733  0.528623 -0.529424                  1.113982            4.455928        0.218563        0.088176         0.034146       28  7.731123              1
   11 A_random 1.5 -0.556445  0.535960  0.771594 -0.495861                  1.103912            4.415649        0.239614        0.140954         0.029831       26  7.504390              1
   12  B_local 1.5 -1.194009 -0.398821 -1.599494 -1.098717                  1.099940            4.399758        0.225751        0.084817         0.023228       48 10.410358              1
   13  B_local 1.5 -0.506517  0.250000  0.681073 -0.370681                  1.092356            4.369424        0.251682        0.097953         0.023481       37  8.794635              1
   14  B_local 1.2 -1.044543 -0.344337  1.600000 -1.101733                  1.084803            4.339211        0.223764        0.110272         0.020243      115 20.883525              1
   15  B_local 1.5  0.585194 -0.448355 -1.141118 -0.874444                  1.082513            4.330054        0.246180        0.061296         0.019992       26 10.745051              1
   16  B_local 1.2  0.862330  0.585572 -1.137216 -1.495940                  1.077886            4.311543        0.187735        0.132442         0.031629       77 19.021796              1
   17 A_random 1.2 -0.740789 -0.326706  1.488186 -1.094218                  1.071304            4.285215        0.193490        0.138582         0.039005       91 21.426223              1
   18  B_local 1.5  0.401266 -0.465467 -1.007630 -1.097638                  1.069880            4.279521        0.205822        0.074938         0.022290       67 15.268616              1
   19 A_random 1.2  1.316737  0.493250 -1.193987 -1.506420                  1.061667            4.246669        0.242325        0.127161         0.037663       54 15.812320              1
   20  B_local 1.5 -0.701450  0.250000 -1.275655 -1.167420                  1.059060            4.236241        0.254552        0.068554         0.021895       55 13.205138              1

Best configuration:
stage                         B_local
parent_id                    A_rank_2
dt                                1.5
J24                         -0.907276
J34                         -0.444414
J35                              -1.6
J45                         -1.194296
unitarity_error                   0.0
Tw_0.01                            44
D_final                           0.0
kappa_eff                    0.907953
tau_mem                     10.356007
kappa_fit_R2                 0.984881
washout_valid                       1
MC_burnin                         100
MC_total_raw                 5.010006
MC_total_corrected           4.851052
MC_per_channel_raw           1.252502
MC_per_channel_corrected     1.212763
MC_delay1_mean                0.23757
MC_delay2_mean               0.216546
MC_delay5_mean                0.14593
MC_delay10_mean              0.025857
MC_delay20_mean              0.004564
rank                                1

Gain over reference = +46.81%
Decision: MEANINGFUL improvement: heterogeneous J materially improves accessible memory.

Forecast diagnostics for memory finalists:
 dt       J24       J34       J35       J45  MC_per_channel_corrected  MC_total_corrected  Tw_0.01  level_CV_RMSE_mean  delta_CV_RMSE_mean
1.5 -0.907276 -0.444414 -1.600000 -1.194296                  1.212763            4.851052       44            3.698781            3.704514
1.2  1.359313 -0.314978 -1.106993  0.993130                  1.182705            4.730820       47            3.816069            3.817584
1.5 -1.144814 -0.379400 -1.600000 -1.200712                  1.175941            4.703763       45            3.777227            3.782480
1.2  1.341319 -0.419156 -1.200463  1.030718                  1.167984            4.671938       38            3.827709            3.832804
1.2  1.315190 -0.581769 -1.216021  0.958116                  1.166666            4.666662       50            3.833437            3.837188
1.2  1.275511  0.295144 -1.272401 -1.537521                  1.159939            4.639755       51            3.717720            3.729116
1.2 -0.853000 -0.292844  1.391608 -1.087352                  1.151647            4.606588      107            3.760224            3.763071
1.5 -1.000000 -0.500000 -1.500000 -1.000000                  1.149275            4.597100       35            3.761375            3.768522