QRC dt SEARCH: MC + WASHOUT + LEVEL RMSE + DELTA RMSE
==============================================================================================================

Frozen topology=T2_dual_boundary, seed=42, hx=0.5, r=2, alpha=0.75
Forecast Ridge lambda=0.01
2025 not used; 2026 untouched.

TOP BY POST-WASHOUT MC:
 dt  J_cross  J45     family  n_features  MC_per_channel_corrected_postwashout  MC_delay1_mean  MC_delay5_mean  MC_delay10_mean  Tw_0.01   tau_mem  level_CV_RMSE_mean  delta_CV_RMSE_mean
1.5     -1.0 -1.0    XYZ_all          18                              0.826055        0.186696        0.043600         0.009886     22.0  7.259601            3.725677            3.732226
1.5      1.0 -1.0    XYZ_all          18                              0.826055        0.186696        0.043600         0.009886     22.0  7.259601            3.739082            3.743436
1.5     -1.0  1.0    XYZ_all          18                              0.818436        0.189404        0.047500         0.009008     22.0  7.549732            3.722346            3.725457
1.5      1.0  1.0    XYZ_all          18                              0.818436        0.189404        0.047500         0.009008     22.0  7.549732            3.706417            3.707977
1.5      1.0 -1.0 XYZ_memory           6                              0.817604        0.179760        0.051157         0.007844     22.0  7.259601            4.096046            5.461340
1.5     -1.0 -1.0 XYZ_memory           6                              0.817604        0.179760        0.051157         0.007844     22.0  7.259601            4.043834            5.457207
1.5      1.0  1.0 XYZ_memory           6                              0.809097        0.178986        0.048399         0.008317     22.0  7.549732            4.023587            5.466354
1.5     -1.0  1.0 XYZ_memory           6                              0.809097        0.178986        0.048399         0.008317     22.0  7.549732            4.025784            5.457425
1.0     -1.0 -1.0    XYZ_all          18                              0.799258        0.187857        0.043554         0.032101    120.0 30.381362            3.813618            3.812250
1.0      1.0 -1.0    XYZ_all          18                              0.798482        0.187933        0.043594         0.032080    120.0 30.381360            3.740786            3.741398
1.0     -1.0  1.0    XYZ_all          18                              0.795853        0.186646        0.043521         0.036063    146.0 31.936297            3.775995            3.777687
1.0      1.0  1.0    XYZ_all          18                              0.795734        0.186659        0.043531         0.036076    146.0 31.936295            3.826969            3.824979
1.0     -1.0 -1.0 XYZ_memory           6                              0.769121        0.174101        0.042351         0.028707    120.0 30.381362            4.091067            5.470441
1.0      1.0 -1.0 XYZ_memory           6                              0.768664        0.174141        0.042348         0.028649    120.0 30.381360            4.069590            5.473645
1.0     -1.0  1.0 XYZ_memory           6                              0.764186        0.175248        0.040426         0.030367    146.0 31.936297            4.072233            5.478487

TOP BY LEVEL CV RMSE:
 dt  J_cross  J45                  family  n_features  MC_per_channel_corrected_postwashout  MC_delay1_mean  MC_delay5_mean  MC_delay10_mean  Tw_0.01    tau_mem  level_CV_RMSE_mean  delta_CV_RMSE_mean
1.2      1.0 -1.0            XZ_injection           8                              0.125850        0.012670        0.009989         0.015628     73.0  12.325054            3.595339            3.610926
1.2     -1.0 -1.0            XZ_injection           8                              0.126087        0.012668        0.010023         0.015628     73.0  12.325054            3.614147            3.625427
1.2      1.0 -1.0 XZinj_plus_memory_pairs          12                              0.676538        0.196597        0.077526         0.015269     73.0  12.325054            3.621958            3.636967
1.2     -1.0  1.0            XZ_injection           8                              0.155742        0.042246        0.030227         0.010267     86.0  13.841243            3.629431            3.640209
1.0      1.0 -1.0            XZ_injection           8                              0.086192        0.004121        0.007592         0.009106    120.0  30.381360            3.636372            3.646672
1.2     -1.0 -1.0 XZinj_plus_memory_pairs          12                              0.676981        0.196552        0.077583         0.015319     73.0  12.325054            3.638842            3.652303
1.2      1.0  1.0            XZ_injection           8                              0.155815        0.042255        0.030235         0.010266     86.0  13.841242            3.638860            3.653424
1.2     -1.0  1.0 XZinj_plus_memory_pairs          12                              0.702503        0.204858        0.072619         0.012834     86.0  13.841243            3.640469            3.651539
1.5      1.0  1.0            XZ_injection           8                              0.170615        0.060450        0.001761         0.003519     22.0   7.549732            3.659033            4.685184
0.6     -1.0  1.0            XZ_injection           8                              0.040606        0.004744        0.002004         0.008298    421.0 115.339889            3.661895            3.680927
0.8     -1.0  1.0            XZ_injection           8                              0.079650        0.008442        0.004388         0.007020    196.0  45.120553            3.662291            3.677520
0.8      1.0  1.0            XZ_injection           8                              0.080070        0.008472        0.004424         0.006996    196.0  45.120553            3.664765            3.680135
1.5      1.0 -1.0            XZ_injection           8                              0.171185        0.059077        0.012141         0.007877     22.0   7.259601            3.665048            4.639719
1.0     -1.0 -1.0 XZinj_plus_memory_pairs          12                              0.642667        0.098540        0.099729         0.012502    120.0  30.381362            3.667534            3.678517
1.0     -1.0 -1.0            XZ_injection           8                              0.086216        0.004128        0.007575         0.009142    120.0  30.381362            3.668429            3.677319

TOP BY DELTA CV RMSE:
 dt  J_cross  J45                  family  n_features  MC_per_channel_corrected_postwashout  MC_delay1_mean  MC_delay5_mean  MC_delay10_mean  Tw_0.01    tau_mem  level_CV_RMSE_mean  delta_CV_RMSE_mean
1.2      1.0 -1.0            XZ_injection           8                              0.125850        0.012670        0.009989         0.015628     73.0  12.325054            3.595339            3.610926
1.2     -1.0 -1.0            XZ_injection           8                              0.126087        0.012668        0.010023         0.015628     73.0  12.325054            3.614147            3.625427
1.2      1.0 -1.0 XZinj_plus_memory_pairs          12                              0.676538        0.196597        0.077526         0.015269     73.0  12.325054            3.621958            3.636967
1.2     -1.0  1.0            XZ_injection           8                              0.155742        0.042246        0.030227         0.010267     86.0  13.841243            3.629431            3.640209
1.0      1.0 -1.0            XZ_injection           8                              0.086192        0.004121        0.007592         0.009106    120.0  30.381360            3.636372            3.646672
1.2     -1.0  1.0 XZinj_plus_memory_pairs          12                              0.702503        0.204858        0.072619         0.012834     86.0  13.841243            3.640469            3.651539
1.2     -1.0 -1.0 XZinj_plus_memory_pairs          12                              0.676981        0.196552        0.077583         0.015319     73.0  12.325054            3.638842            3.652303
1.2      1.0  1.0            XZ_injection           8                              0.155815        0.042255        0.030235         0.010266     86.0  13.841242            3.638860            3.653424
1.0     -1.0 -1.0            XZ_injection           8                              0.086216        0.004128        0.007575         0.009142    120.0  30.381362            3.668429            3.677319
0.8     -1.0  1.0            XZ_injection           8                              0.079650        0.008442        0.004388         0.007020    196.0  45.120553            3.662291            3.677520
1.0     -1.0 -1.0 XZinj_plus_memory_pairs          12                              0.642667        0.098540        0.099729         0.012502    120.0  30.381362            3.667534            3.678517
0.8      1.0  1.0            XZ_injection           8                              0.080070        0.008472        0.004424         0.006996    196.0  45.120553            3.664765            3.680135
0.6     -1.0  1.0            XZ_injection           8                              0.040606        0.004744        0.002004         0.008298    421.0 115.339889            3.661895            3.680927
1.0     -1.0  1.0 XZinj_plus_memory_pairs          12                              0.661534        0.101327        0.103481         0.011524    146.0  31.936297            3.671811            3.682201
1.0     -1.0  1.0            XZ_injection           8                              0.117115        0.022327        0.002364         0.004753    146.0  31.936297            3.676927            3.686576

PARETO MC vs LEVEL:
 dt  J_cross  J45                  family  n_features  MC_per_channel_corrected_postwashout  MC_delay1_mean  MC_delay5_mean  MC_delay10_mean  Tw_0.01   tau_mem  level_CV_RMSE_mean  delta_CV_RMSE_mean
1.5     -1.0 -1.0                 XYZ_all          18                              0.826055        0.186696        0.043600         0.009886     22.0  7.259601            3.725677            3.732226
1.5     -1.0  1.0                 XYZ_all          18                              0.818436        0.189404        0.047500         0.009008     22.0  7.549732            3.722346            3.725457
1.5      1.0  1.0                 XYZ_all          18                              0.818436        0.189404        0.047500         0.009008     22.0  7.549732            3.706417            3.707977
1.2     -1.0  1.0 XZinj_plus_memory_pairs          12                              0.702503        0.204858        0.072619         0.012834     86.0 13.841243            3.640469            3.651539
1.2     -1.0 -1.0 XZinj_plus_memory_pairs          12                              0.676981        0.196552        0.077583         0.015319     73.0 12.325054            3.638842            3.652303
1.2      1.0 -1.0 XZinj_plus_memory_pairs          12                              0.676538        0.196597        0.077526         0.015269     73.0 12.325054            3.621958            3.636967
1.2     -1.0 -1.0            XZ_injection           8                              0.126087        0.012668        0.010023         0.015628     73.0 12.325054            3.614147            3.625427
1.2      1.0 -1.0            XZ_injection           8                              0.125850        0.012670        0.009989         0.015628     73.0 12.325054            3.595339            3.610926

PARETO MC vs DELTA:
 dt  J_cross  J45                  family  n_features  MC_per_channel_corrected_postwashout  MC_delay1_mean  MC_delay5_mean  MC_delay10_mean  Tw_0.01   tau_mem  level_CV_RMSE_mean  delta_CV_RMSE_mean
1.5     -1.0 -1.0                 XYZ_all          18                              0.826055        0.186696        0.043600         0.009886     22.0  7.259601            3.725677            3.732226
1.5     -1.0  1.0                 XYZ_all          18                              0.818436        0.189404        0.047500         0.009008     22.0  7.549732            3.722346            3.725457
1.5      1.0  1.0                 XYZ_all          18                              0.818436        0.189404        0.047500         0.009008     22.0  7.549732            3.706417            3.707977
1.2     -1.0  1.0 XZinj_plus_memory_pairs          12                              0.702503        0.204858        0.072619         0.012834     86.0 13.841243            3.640469            3.651539
1.2      1.0 -1.0 XZinj_plus_memory_pairs          12                              0.676538        0.196597        0.077526         0.015269     73.0 12.325054            3.621958            3.636967
1.2     -1.0 -1.0            XZ_injection           8                              0.126087        0.012668        0.010023         0.015628     73.0 12.325054            3.614147            3.625427
1.2      1.0 -1.0            XZ_injection           8                              0.125850        0.012670        0.009989         0.015628     73.0 12.325054            3.595339            3.610926